Faixa/Ano;2010;2011;2012;2013;2014;2015;2016;2017;2018;2019;2020;2021;2022;2023;2024;2025;2026;2027;2028;2029;2030;2031;2032;2033;2034;2035;2036;2037;2038;2039;2040;2041;2042;2043;2044;2045;2046;2047;2048;2049;2050;2051;2052;2053;2054;2055;2056;2057;2058;2059;2060;
Total;717988;726648;735205;743446;751758;760230;768086;775907;784227;792423;800489;808419;816200;823811;831241;838481;845525;852367;858991;865389;871563;877511;883228;888719;893988;899036;903857;908450;912816;916957;920873;924562;928025;931265;934279;937067;939624;941951;944048;945911;947537;948928;950086;951006;951684;952117;952310;952269;951991;951475;950727;
0-4;67442;66215;65461;64756;64268;64338;63843;63443;63884;64153;64155;64658;65066;64831;64559;64245;63889;63498;63080;62636;62180;61707;61216;60726;60251;59790;59347;58927;58532;58157;57798;57462;57146;56853;56576;56312;56055;55811;55571;55330;55085;54842;54594;54339;54076;53804;53520;53230;52931;52626;52317;
5-9;69835;69927;69650;68917;68265;67254;66037;65294;64595;64113;64187;63700;63305;63746;64016;64021;64527;64938;64704;64434;64123;63773;63388;62976;62536;62084;61615;61130;60643;60170;59714;59272;58858;58465;58092;57733;57401;57086;56795;56518;56260;56003;55761;55522;55282;55037;54796;54552;54298;54035;53764;
10-14;74749;73922;72764;71719;70676;69956;70047;69771;69042;68392;67383;66167;65426;64728;64245;64316;63828;63434;63872;64142;64143;64644;65052;64816;64546;64236;63889;63505;63096;62660;62211;61744;61260;60776;60305;59851;59411;59000;58607;58237;57878;57547;57235;56946;56669;56412;56158;55914;55676;55439;55196;
15-19;71646;72421;73250;73976;74370;74300;73487;72342;71313;70285;69580;69679;69410;68690;68049;67052;65847;65114;64427;63950;64026;63543;63154;63597;63872;63878;64377;64785;64553;64287;63981;63638;63258;62853;62420;61976;61514;61031;60550;60083;59631;59195;58787;58395;58028;57673;57342;57033;56747;56470;56216;
20-24;67266;67752;68311;68943;69643;70398;71189;72035;72776;73189;73140;72355;71244;70246;69251;68571;68687;68438;67739;67118;66147;64968;64252;63578;63115;63196;62726;62348;62793;63070;63081;63583;63993;63765;63507;63207;62869;62497;62099;61672;61232;60776;60301;59827;59364;58918;58488;58083;57697;57334;56982;
25-29;63263;63944;64504;64985;65441;65908;66415;66994;67644;68358;69129;69933;70790;71545;71974;71946;71194;70117;69155;68194;67540;67672;67445;66770;66172;65225;64074;63375;62721;62274;62365;61906;61539;61989;62270;62287;62790;63199;62978;62728;62440;62110;61744;61356;60939;60507;60057;59593;59125;58669;58231;
30-34;57525;58874;60025;61002;61865;62648;63338;63906;64397;64864;65336;65851;66435;67087;67800;68570;69372;70228;70979;71412;71394;70662;69609;68672;67731;67101;67240;67030;66375;65796;64872;63747;63064;62426;61991;62090;61643;61286;61738;62021;62042;62544;62955;62740;62500;62216;61898;61537;61157;60751;60325;
35-39;48965;50465;52172;53977;55697;57219;58556;59699;60669;61527;62308;62996;63563;64053;64522;64995;65506;66085;66734;67439;68202;68998;69847;70597;71034;71028;70318;69290;68375;67459;66845;66991;66793;66154;65592;64685;63579;62914;62288;61863;61966;61532;61182;61634;61916;61943;62441;62851;62644;62408;62130;
40-44;43479;44506;45427;46337;47390;48670;50144;51824;53600;55293;56795;58110;59239;60201;61049;61822;62505;63069;63554;64020;64488;64994;65570;66217;66922;67685;68484;69332;70084;70525;70531;69842;68841;67952;67058;66465;66619;66430;65809;65262;64375;63291;62645;62034;61621;61729;61305;60965;61413;61696;61728;
45-49;36920;38096;39289;40473;41613;42698;43714;44624;45526;46567;47826;49278;50929;52671;54334;55814;57110;58225;59176;60016;60782;61460;62022;62508;62978;63450;63960;64540;65190;65893;66655;67450;68292;69039;69484;69499;68832;67861;67000;66134;65562;65722;65540;64939;64409;63545;62489;61861;61268;60866;60978;
50-54;30022;31026;32127;33293;34471;35625;36780;37952;39116;40237;41306;42307;43206;44100;45128;46361;47787;49403;51109;52736;54187;55459;56558;57496;58329;59093;59767;60330;60817;61290;61763;62276;62853;63499;64194;64948;65735;66564;67301;67743;67767;67122;66187;65359;64524;63977;64140;63969;63386;62876;62039;
55-59;24740;25490;26212;26940;27733;28625;29601;30672;31805;32949;34073;35198;36340;37473;38565;39612;40588;41468;42344;43350;44550;45938;47508;49164;50743;52154;53392;54468;55386;56202;56953;57616;58172;58656;59124;59592;60100;60667;61302;61982;62717;63490;64296;65016;65453;65480;64862;63965;63174;62375;61856;
60-64;19528;20203;20920;21666;22416;23149;23871;24566;25268;26032;26889;27826;28850;29933;31028;32102;33179;34273;35356;36402;37406;38343;39189;40033;41004;42156;43490;44990;46571;48081;49428;50612;51645;52526;53313;54039;54676;55216;55684;56141;56597;57088;57638;58251;58905;59610;60356;61128;61819;62237;62262;
65-69;15097;15514;15986;16507;17067;17663;18296;18966;19664;20366;21052;21728;22381;23044;23759;24563;25439;26394;27403;28423;29424;30430;31449;32463;33440;34381;35257;36054;36847;37759;38837;40086;41484;42955;44359;45614;46719;47684;48510;49250;49932;50532;51043;51484;51918;52353;52816;53335;53913;54527;55189;
70-74;11603;11856;12083;12312;12580;12911;13295;13725;14197;14703;15239;15810;16412;17039;17671;18284;18894;19481;20081;20727;21451;22237;23094;23996;24909;25804;26706;27619;28531;29408;30253;31037;31756;32472;33298;34266;35390;36640;37952;39204;40324;41309;42173;42915;43580;44197;44738;45201;45600;45998;46393;
75-79;7758;8062;8387;8710;9003;9255;9477;9682;9886;10125;10412;10741;11112;11510;11940;12395;12876;13387;13917;14449;14966;15481;15981;16489;17039;17652;18319;19041;19801;20570;21324;22084;22855;23627;24365;25080;25740;26351;26960;27661;28480;29430;30484;31587;32637;33575;34403;35131;35756;36319;36843;
80-84;4647;4796;4952;5124;5318;5536;5770;6023;6273;6500;6698;6877;7040;7209;7401;7630;7888;8176;8485;8820;9170;9542;9934;10344;10753;11152;11548;11936;12331;12757;13234;13749;14304;14887;15477;16056;16641;17232;17827;18394;18941;19449;19919;20390;20936;21570;22305;23115;23961;24761;25475;
85-89;2188;2314;2428;2532;2634;2729;2833;2938;3059;3191;3337;3489;3659;3824;3976;4109;4232;4345;4463;4597;4755;4928;5123;5330;5554;5786;6033;6294;6566;6837;7099;7362;7620;7884;8169;8488;8830;9198;9583;9972;10353;10740;11129;11524;11897;12258;12592;12903;13218;13582;14007;
90+;1315;1265;1257;1277;1308;1348;1393;1451;1513;1579;1644;1716;1793;1881;1974;2073;2177;2294;2413;2524;2629;2732;2837;2947;3060;3185;3315;3456;3604;3762;3929;4105;4292;4487;4685;4879;5080;5284;5494;5716;5955;6206;6473;6748;7030;7313;7604;7903;8208;8506;8796;